# This file includes 250 random numbers to be used for testing.
52
50
84
77
41
# Comments are also counted by the program.
55
15
66
84
45
97
60
92
67
18
83
40
80
92
86
97
95
61
72
59
14
39
86
96
57
99
41
60
36
20
68
55
19
48
46
7
31
4
1
91
93
43
89
22
23
14
60
62
25
66
13
56
66
48
46
17
4
43
19
72
10
55
20
59
53
35
30
70
6
67
29
92
71
40
98
17
42
91
55
25
32
89
76
92
45
9
12
20
86
56
58
65
56
92
73
95
33
24
38
87
38
43
77
93
76
42
9
45
45
70
50
94
58
99
41
19
59
72
20
90
41
31
47
55
84
60
45
48
39
64
50
97
21
80
87
6
3
40
29
16
99
15
28
95
75
2
83
91
25
22
26
47
11
53
91
66
40
31
79
95
86
29
45
76
27
27
7
60
81
79
95
65
3
5
14
79
96
8
80
62
78
84
25
4
75
59
92
75
26
32
27
20
27
12
43
54
11
94
95
3
48
86
28
75
96
77
31
25
88
72
19
9
16
4
77
47
41
100
16
68
29
77
99
11
40
92
63
30
99
34
61
88
84
24
95
100
15
4
96
31
5
14
20
1
30